172
176
182
184
624
629
635
636
644
647
683
751
757
758
759
763
771
785
808
812
816
851
852
859
860
870
928
947
951
952
953
958
983
989
994
995
998
1021
1026
1039
1040
1041
1060
1082
1083
1099
1115
1135
1136
1159
1178
1179
1192
1213
1217
1218
1231
1232
1244
1269
1271
1275
1276
1277
1278
1283
1312
1329
1334
1339
1344
1360
1361
1370
1371
1375
1381
1383
1435
1436
1448
1458
1460
1470
1475
1505
1555
1556
1568
1570
1576
1586
1587
1605
1609
1629
1647
1664
1665
1666
1669
1682
1683
1687
1709
1710
1723
1749
1750
1763
1790
